[906659671, 93, 0, 0, 0, 10, 10, 11111, 1613531427]
[906659672, 93, 0, 0, 0, 11, 11, 11111, 1613531427]
[906659673, 93, 0, 0, 0, 12, 12, 11111, 1613531427]
[906659674, 93, 0, 0, 0, 13, 13, 11111, 1613531427]
[906659675, 93, 0, 0, 0, 14, 14, 11111, 1613531427]
[906659676, 93, 0, 0, 0, 15, 15, 11111, 1613531427]
[906659677, 93, 0, 0, 0, 16, 16, 11111, 1613531427]
[906659678, 93, 0, 0, 0, 17, 17, 11111, 1613531427]
[906659679, 93, 0, 0, 0, 18, 18, 11111, 1613531427]
[906659680, 93, 0, 0, 0, 19, 19, 11111, 1613531427]
[906659681, 93, 0, 0, 0, 110, 110, 11111, 1613531427]
[906659682, 93, 0, 0, 0, 111, 111, 11111, 1613531427]
[906659683, 93, 0, 0, 0, 112, 112, 11111, 1613531427]
[906659684, 93, 0, 0, 0, 113, 113, 11111, 1613531427]
[906659685, 93, 0, 0, 0, 114, 114, 11111, 1613531427]
[906659686, 93, 0, 0, 0, 115, 115, 11111, 1613531427]
[906659687, 93, 0, 0, 0, 116, 116, 11111, 1613531427]
[906659688, 93, 0, 0, 0, 117, 117, 11111, 1613531427]
[906659689, 93, 0, 0, 0, 118, 118, 11111, 1613531427]
[906659690, 93, 0, 0, 0, 119, 119, 11111, 1613531427]
[906659691, 93, 0, 0, 0, 120, 120, 11111, 1613531427]
[906659692, 93, 0, 0, 0, 121, 121, 11111, 1613531427]
[906659693, 93, 0, 0, 0, 122, 122, 11111, 1613531427]
[906659694, 93, 0, 0, 0, 123, 123, 11111, 1613531427]
[906659695, 93, 0, 0, 0, 124, 124, 11111, 1613531427]
[906659696, 93, 0, 0, 0, 125, 125, 11111, 1613531427]
[906659697, 93, 0, 0, 0, 126, 126, 11111, 1613531427]
[906659698, 93, 0, 0, 0, 127, 127, 11111, 1613531427]
[906659699, 93, 0, 0, 0, 128, 128, 11111, 1613531427]
[906659700, 93, 0, 0, 0, 129, 129, 11111, 1613531427]
[906659701, 93, 0, 0, 0, 130, 130, 11111, 1613531427]
[906659702, 93, 0, 0, 0, 131, 131, 11111, 1613531427]
[906659703, 93, 0, 0, 0, 132, 132, 11111, 1613531427]
[906659704, 93, 0, 0, 0, 133, 133, 11111, 1613531427]
[906659705, 93, 0, 0, 0, 134, 134, 11111, 1613531427]
[906659706, 93, 0, 0, 0, 135, 135, 11111, 1613531427]
[906659707, 93, 0, 0, 0, 136, 136, 11111, 1613531427]
[906659708, 93, 0, 0, 0, 137, 137, 11111, 1613531427]
[906659709, 93, 0, 0, 0, 138, 138, 11111, 1613531427]
[906659710, 93, 0, 0, 0, 139, 139, 11111, 1613531427]
[906659711, 93, 0, 0, 0, 140, 140, 11111, 1613531427]
[906659712, 93, 0, 0, 0, 141, 141, 11111, 1613531427]
[906659713, 93, 0, 0, 0, 142, 142, 11111, 1613531427]
[906659714, 93, 0, 0, 0, 143, 143, 11111, 1613531427]
[906659715, 93, 0, 0, 0, 144, 144, 11111, 1613531427]
[906659716, 93, 0, 0, 0, 145, 145, 11111, 1613531427]
[906659717, 93, 0, 0, 0, 146, 146, 11111, 1613531427]
[906659718, 93, 0, 0, 0, 147, 147, 11111, 1613531427]
[906659719, 93, 0, 0, 0, 148, 148, 11111, 1613531427]
[906659720, 93, 0, 0, 0, 149, 149, 11111, 1613531427]
[906659721, 93, 0, 0, 0, 150, 150, 11111, 1613531427]
[906659722, 93, 0, 0, 0, 151, 151, 11111, 1613531427]
[906659723, 93, 0, 0, 0, 152, 152, 11111, 1613531427]
[906659724, 93, 0, 0, 0, 153, 153, 11111, 1613531427]
[906659725, 93, 0, 0, 0, 154, 154, 11111, 1613531427]
[906659726, 93, 0, 0, 0, 155, 155, 11111, 1613531427]
[906659727, 93, 0, 0, 0, 156, 156, 11111, 1613531427]
[906659728, 93, 0, 0, 0, 157, 157, 11111, 1613531427]
[906659729, 93, 0, 0, 0, 158, 158, 11111, 1613531427]
[906659730, 93, 0, 0, 0, 159, 159, 11111, 1613531427]
[906659731, 93, 0, 0, 0, 160, 160, 11111, 1613531427]
[906659732, 93, 0, 0, 0, 161, 161, 11111, 1613531427]
[906659733, 93, 0, 0, 0, 162, 162, 11111, 1613531427]
[906659734, 93, 0, 0, 0, 163, 163, 11111, 1613531427]
[906659735, 93, 0, 0, 0, 164, 164, 11111, 1613531427]
[906659736, 93, 0, 0, 0, 165, 165, 11111, 1613531427]
[906659737, 93, 0, 0, 0, 166, 166, 11111, 1613531427]
[906659738, 93, 0, 0, 0, 167, 167, 11111, 1613531427]
[906659739, 93, 0, 0, 0, 168, 168, 11111, 1613531427]
[906659740, 93, 0, 0, 0, 169, 169, 11111, 1613531427]
[906659741, 93, 0, 0, 0, 170, 170, 11111, 1613531427]
[906659742, 93, 0, 0, 0, 171, 171, 11111, 1613531427]
[906659743, 93, 0, 0, 0, 172, 172, 11111, 1613531427]
[906659744, 93, 0, 0, 0, 173, 173, 11111, 1613531427]
[906659745, 93, 0, 0, 0, 174, 174, 11111, 1613531427]
[906659746, 93, 0, 0, 0, 175, 175, 11111, 1613531427]
[906659747, 93, 0, 0, 0, 176, 176, 11111, 1613531427]
[906659748, 93, 0, 0, 0, 177, 177, 11111, 1613531427]
[906659749, 93, 0, 0, 0, 178, 178, 11111, 1613531427]
[906659750, 93, 0, 0, 0, 179, 179, 11111, 1613531427]
[906659751, 93, 0, 0, 0, 180, 180, 11111, 1613531427]
[906659752, 93, 0, 0, 0, 181, 181, 11111, 1613531427]
[906659753, 93, 0, 0, 0, 182, 182, 11111, 1613531427]
[906659754, 93, 0, 0, 0, 183, 183, 11111, 1613531427]
[906659755, 93, 0, 0, 0, 184, 184, 11111, 1613531427]
[906659756, 93, 0, 0, 0, 185, 185, 11111, 1613531427]
[906659757, 93, 0, 0, 0, 186, 186, 11111, 1613531427]
[906659758, 93, 0, 0, 0, 187, 187, 11111, 1613531427]
[906659759, 93, 0, 0, 0, 188, 188, 11111, 1613531427]
[906659760, 93, 0, 0, 0, 189, 189, 11111, 1613531427]
[906659761, 93, 0, 0, 0, 190, 190, 11111, 1613531427]
[906659762, 93, 0, 0, 0, 191, 191, 11111, 1613531427]
[906659763, 93, 0, 0, 0, 192, 192, 11111, 1613531427]
[906659764, 93, 0, 0, 0, 193, 193, 11111, 1613531427]
[906659765, 93, 0, 0, 0, 194, 194, 11111, 1613531427]
[906659766, 93, 0, 0, 0, 195, 195, 11111, 1613531427]
[906659767, 93, 0, 0, 0, 196, 196, 11111, 1613531427]
[906659768, 93, 0, 0, 0, 197, 197, 11111, 1613531427]
[906659769, 93, 0, 0, 0, 198, 198, 11111, 1613531427]
[906659770, 93, 0, 0, 0, 199, 199, 11111, 1613531427]
