[92106429, 9, 1, 14, 1, 10, 10, 11111, 1615416796]
[92106437, 19, 8, 15, 6, 11, 11, 11111, 1615416796]
[92106445, 9, 19, 0, 13, 12, 12, 11111, 1615416796]
[92106453, 1, 9, 19, 7, 13, 13, 11111, 1615416796]
[92106461, 12, 1, 7, 9, 14, 14, 11111, 1615416796]
[92106469, 4, 16, 8, 19, 15, 15, 11111, 1615416796]
[92106477, 0, 7, 6, 6, 16, 16, 11111, 1615416796]
[92106485, 2, 13, 3, 10, 17, 17, 11111, 1615416796]
[92106493, 6, 8, 1, 7, 18, 18, 11111, 1615416796]
[92106501, 9, 18, 6, 10, 19, 19, 11111, 1615416796]
[92106509, 10, 3, 11, 6, 110, 110, 11111, 1615416796]
[92106517, 3, 4, 19, 10, 111, 111, 11111, 1615416796]
[92106525, 19, 5, 14, 13, 112, 112, 11111, 1615416796]
[92106533, 17, 10, 4, 16, 113, 113, 11111, 1615416796]
[92106541, 10, 5, 16, 4, 114, 114, 11111, 1615416796]
[92106549, 13, 2, 6, 8, 115, 115, 11111, 1615416796]
[92106557, 18, 4, 18, 5, 116, 116, 11111, 1615416796]
[92106565, 8, 20, 3, 18, 117, 117, 11111, 1615416796]
[92106573, 5, 19, 3, 19, 118, 118, 11111, 1615416796]
[92106581, 17, 13, 9, 17, 119, 119, 11111, 1615416796]
[92106589, 18, 7, 16, 19, 120, 120, 11111, 1615416796]
[92106597, 11, 14, 12, 13, 121, 121, 11111, 1615416796]
[92106605, 12, 1, 6, 18, 122, 122, 11111, 1615416796]
[92106613, 18, 14, 14, 17, 123, 123, 11111, 1615416796]
[92106621, 18, 9, 8, 0, 124, 124, 11111, 1615416796]
[92106629, 16, 16, 16, 4, 125, 125, 11111, 1615416796]
[92106637, 9, 2, 19, 6, 126, 126, 11111, 1615416796]
[92106645, 5, 0, 3, 17, 127, 127, 11111, 1615416796]
[92106653, 0, 19, 7, 12, 128, 128, 11111, 1615416796]
[92106661, 13, 17, 4, 0, 129, 129, 11111, 1615416796]
[92106669, 16, 8, 4, 9, 130, 130, 11111, 1615416796]
[92106677, 10, 5, 5, 1, 131, 131, 11111, 1615416796]
[92106685, 3, 13, 6, 12, 132, 132, 11111, 1615416796]
[92106693, 6, 6, 13, 11, 133, 133, 11111, 1615416796]
[92106701, 11, 12, 3, 9, 134, 134, 11111, 1615416796]
[92106709, 3, 10, 10, 0, 135, 135, 11111, 1615416796]
[92106717, 13, 8, 7, 8, 136, 136, 11111, 1615416796]
[92106725, 12, 5, 1, 5, 137, 137, 11111, 1615416796]
[92106733, 1, 4, 0, 13, 138, 138, 11111, 1615416796]
[92106741, 8, 0, 19, 16, 139, 139, 11111, 1615416796]
[92106749, 12, 15, 5, 10, 140, 140, 11111, 1615416796]
[92106757, 2, 7, 4, 5, 141, 141, 11111, 1615416796]
[92106765, 2, 19, 6, 5, 142, 142, 11111, 1615416796]
[92106773, 1, 6, 13, 5, 143, 143, 11111, 1615416796]
[92106781, 15, 16, 0, 8, 144, 144, 11111, 1615416796]
[92106789, 1, 1, 16, 18, 145, 145, 11111, 1615416796]
[92106797, 20, 4, 6, 16, 146, 146, 11111, 1615416796]
[92106805, 7, 11, 19, 2, 147, 147, 11111, 1615416796]
[92106813, 7, 16, 1, 19, 148, 148, 11111, 1615416796]
[92106821, 20, 3, 10, 9, 149, 149, 11111, 1615416796]
[92106829, 5, 13, 9, 3, 150, 150, 11111, 1615416796]
[92106837, 9, 13, 9, 6, 151, 151, 11111, 1615416796]
[92106845, 11, 11, 0, 19, 152, 152, 11111, 1615416796]
[92106853, 13, 11, 16, 2, 153, 153, 11111, 1615416796]
[92106861, 3, 6, 9, 4, 154, 154, 11111, 1615416796]
[92106869, 16, 1, 13, 4, 155, 155, 11111, 1615416796]
[92106877, 15, 4, 7, 15, 156, 156, 11111, 1615416796]
[92106885, 1, 9, 15, 17, 157, 157, 11111, 1615416796]
[92106893, 12, 20, 12, 19, 158, 158, 11111, 1615416796]
[92106901, 1, 1, 12, 17, 159, 159, 11111, 1615416796]
[92106909, 16, 1, 12, 4, 160, 160, 11111, 1615416796]
[92106917, 6, 1, 18, 2, 161, 161, 11111, 1615416796]
[92106925, 9, 15, 11, 11, 162, 162, 11111, 1615416796]
[92106933, 17, 5, 13, 18, 163, 163, 11111, 1615416796]
[92106941, 20, 8, 1, 9, 164, 164, 11111, 1615416796]
[92106949, 12, 17, 6, 12, 165, 165, 11111, 1615416796]
[92106957, 17, 10, 10, 5, 166, 166, 11111, 1615416796]
[92106965, 10, 10, 14, 6, 167, 167, 11111, 1615416796]
[92106973, 10, 16, 7, 7, 168, 168, 11111, 1615416796]
[92106981, 12, 13, 19, 7, 169, 169, 11111, 1615416796]
[92106989, 11, 16, 0, 11, 170, 170, 11111, 1615416796]
[92106997, 8, 4, 7, 11, 171, 171, 11111, 1615416796]
[92107005, 1, 15, 2, 7, 172, 172, 11111, 1615416796]
[92107013, 4, 13, 20, 12, 173, 173, 11111, 1615416796]
[92107021, 11, 17, 17, 12, 174, 174, 11111, 1615416796]
[92107029, 4, 10, 15, 14, 175, 175, 11111, 1615416796]
[92107037, 17, 10, 5, 13, 176, 176, 11111, 1615416796]
[92107045, 20, 16, 7, 20, 177, 177, 11111, 1615416796]
[92107053, 12, 6, 15, 3, 178, 178, 11111, 1615416796]
[92107061, 8, 20, 7, 16, 179, 179, 11111, 1615416796]
[92107069, 16, 15, 3, 20, 180, 180, 11111, 1615416796]
[92107077, 0, 8, 4, 2, 181, 181, 11111, 1615416796]
[92107085, 3, 5, 17, 16, 182, 182, 11111, 1615416796]
[92107093, 10, 6, 20, 12, 183, 183, 11111, 1615416796]
[92107101, 18, 3, 14, 4, 184, 184, 11111, 1615416796]
[92107109, 4, 5, 1, 0, 185, 185, 11111, 1615416796]
[92107117, 4, 4, 0, 15, 186, 186, 11111, 1615416796]
[92107125, 11, 19, 7, 16, 187, 187, 11111, 1615416796]
[92107133, 17, 12, 6, 11, 188, 188, 11111, 1615416796]
[92107141, 9, 17, 15, 6, 189, 189, 11111, 1615416796]
[92107149, 7, 10, 8, 0, 190, 190, 11111, 1615416796]
[92107157, 16, 1, 6, 7, 191, 191, 11111, 1615416796]
[92107165, 20, 4, 10, 16, 192, 192, 11111, 1615416796]
[92107173, 17, 6, 16, 1, 193, 193, 11111, 1615416796]
[92107181, 5, 6, 10, 4, 194, 194, 11111, 1615416796]
[92107189, 4, 2, 9, 20, 195, 195, 11111, 1615416796]
[92107197, 8, 1, 0, 17, 196, 196, 11111, 1615416796]
[92107205, 15, 5, 17, 4, 197, 197, 11111, 1615416796]
[92107213, 16, 2, 17, 12, 198, 198, 11111, 1615416796]
[92107221, 0, 13, 14, 8, 199, 199, 11111, 1615416796]
[92107229, 6, 2, 2, 13, 1100, 1100, 11111, 1615416796]
[92107237, 13, 0, 12, 5, 1101, 1101, 11111, 1615416796]
[92107245, 13, 19, 1, 1, 1102, 1102, 11111, 1615416796]
[92107253, 8, 18, 1, 1, 1103, 1103, 11111, 1615416796]
[92107261, 11, 1, 20, 19, 1104, 1104, 11111, 1615416796]
[92107269, 2, 13, 20, 15, 1105, 1105, 11111, 1615416796]
[92107277, 20, 11, 3, 15, 1106, 1106, 11111, 1615416796]
[92107285, 4, 6, 13, 4, 1107, 1107, 11111, 1615416796]
[92107293, 13, 6, 10, 17, 1108, 1108, 11111, 1615416796]
[92107301, 19, 1, 4, 20, 1109, 1109, 11111, 1615416796]
[92107309, 7, 8, 7, 10, 1110, 1110, 11111, 1615416796]
[92107317, 19, 9, 13, 20, 1111, 1111, 11111, 1615416796]
[92107325, 18, 17, 12, 2, 1112, 1112, 11111, 1615416796]
[92107333, 5, 2, 16, 2, 1113, 1113, 11111, 1615416796]
[92107341, 2, 8, 5, 8, 1114, 1114, 11111, 1615416796]
[92107349, 6, 9, 19, 20, 1115, 1115, 11111, 1615416796]
[92107357, 7, 5, 6, 15, 1116, 1116, 11111, 1615416796]
[92107365, 14, 0, 1, 15, 1117, 1117, 11111, 1615416796]
[92107373, 18, 3, 6, 4, 1118, 1118, 11111, 1615416796]
[92107381, 10, 12, 8, 17, 1119, 1119, 11111, 1615416796]
[92107389, 11, 15, 0, 15, 1120, 1120, 11111, 1615416796]
[92107397, 19, 20, 8, 2, 1121, 1121, 11111, 1615416796]
[92107405, 6, 1, 5, 5, 1122, 1122, 11111, 1615416796]
[92107413, 12, 15, 13, 16, 1123, 1123, 11111, 1615416796]
[92107421, 9, 11, 10, 8, 1124, 1124, 11111, 1615416796]
[92106430, 19, 6, 13, 2, 1125, 1125, 11111, 1615416796]
[92106438, 10, 3, 8, 1, 1126, 1126, 11111, 1615416796]
[92106446, 19, 3, 3, 13, 1127, 1127, 11111, 1615416796]
[92106454, 18, 17, 12, 9, 1128, 1128, 11111, 1615416796]
[92106462, 19, 2, 4, 2, 1129, 1129, 11111, 1615416796]
[92106470, 1, 0, 13, 7, 1130, 1130, 11111, 1615416796]
[92106478, 5, 0, 19, 7, 1131, 1131, 11111, 1615416796]
[92106486, 12, 13, 3, 12, 1132, 1132, 11111, 1615416796]
[92106494, 7, 6, 20, 20, 1133, 1133, 11111, 1615416796]
[92106502, 0, 16, 18, 4, 1134, 1134, 11111, 1615416796]
[92106510, 15, 5, 9, 13, 1135, 1135, 11111, 1615416796]
[92106518, 9, 19, 11, 17, 1136, 1136, 11111, 1615416796]
[92106526, 2, 16, 19, 20, 1137, 1137, 11111, 1615416796]
[92106534, 4, 17, 11, 13, 1138, 1138, 11111, 1615416796]
[92106542, 9, 4, 5, 5, 1139, 1139, 11111, 1615416796]
[92106550, 14, 11, 8, 13, 1140, 1140, 11111, 1615416796]
[92106558, 9, 8, 15, 6, 1141, 1141, 11111, 1615416796]
[92106566, 11, 1, 5, 1, 1142, 1142, 11111, 1615416796]
[92106574, 19, 17, 7, 7, 1143, 1143, 11111, 1615416796]
[92106582, 8, 17, 9, 8, 1144, 1144, 11111, 1615416796]
[92106590, 3, 10, 1, 14, 1145, 1145, 11111, 1615416796]
[92106598, 15, 20, 9, 20, 1146, 1146, 11111, 1615416796]
[92106606, 19, 14, 7, 11, 1147, 1147, 11111, 1615416796]
[92106614, 16, 13, 9, 8, 1148, 1148, 11111, 1615416796]
[92106622, 11, 14, 18, 5, 1149, 1149, 11111, 1615416796]
[92106630, 12, 4, 12, 15, 1150, 1150, 11111, 1615416796]
[92106638, 7, 16, 19, 2, 1151, 1151, 11111, 1615416796]
[92106646, 0, 19, 18, 4, 1152, 1152, 11111, 1615416796]
[92106654, 1, 11, 4, 20, 1153, 1153, 11111, 1615416796]
[92106662, 4, 4, 16, 1, 1154, 1154, 11111, 1615416796]
[92106670, 8, 19, 0, 2, 1155, 1155, 11111, 1615416796]
[92106678, 14, 7, 5, 5, 1156, 1156, 11111, 1615416796]
[92106686, 19, 3, 14, 0, 1157, 1157, 11111, 1615416796]
[92106694, 9, 13, 8, 9, 1158, 1158, 11111, 1615416796]
[92106702, 12, 4, 0, 9, 1159, 1159, 11111, 1615416796]
[92106710, 1, 12, 12, 7, 1160, 1160, 11111, 1615416796]
[92106718, 10, 14, 18, 18, 1161, 1161, 11111, 1615416796]
[92106726, 18, 0, 10, 20, 1162, 1162, 11111, 1615416796]
[92106734, 5, 3, 5, 11, 1163, 1163, 11111, 1615416796]
[92106742, 19, 6, 11, 10, 1164, 1164, 11111, 1615416796]
[92106750, 4, 5, 5, 17, 1165, 1165, 11111, 1615416796]
[92106758, 7, 9, 12, 20, 1166, 1166, 11111, 1615416796]
[92106766, 10, 8, 14, 8, 1167, 1167, 11111, 1615416796]
[92106774, 6, 8, 2, 12, 1168, 1168, 11111, 1615416796]
[92106782, 1, 0, 11, 16, 1169, 1169, 11111, 1615416796]
[92106790, 7, 11, 17, 14, 1170, 1170, 11111, 1615416796]
[92106798, 8, 4, 12, 15, 1171, 1171, 11111, 1615416796]
[92106806, 2, 2, 4, 5, 1172, 1172, 11111, 1615416796]
[92106814, 11, 17, 2, 13, 1173, 1173, 11111, 1615416796]
[92106822, 0, 16, 14, 7, 1174, 1174, 11111, 1615416796]
[92106830, 18, 16, 0, 9, 1175, 1175, 11111, 1615416796]
[92106838, 0, 5, 10, 16, 1176, 1176, 11111, 1615416796]
[92106846, 11, 12, 5, 10, 1177, 1177, 11111, 1615416796]
[92106854, 7, 20, 11, 6, 1178, 1178, 11111, 1615416796]
[92106862, 16, 2, 15, 4, 1179, 1179, 11111, 1615416796]
[92106870, 2, 10, 20, 5, 1180, 1180, 11111, 1615416796]
[92106878, 6, 13, 3, 1, 1181, 1181, 11111, 1615416796]
[92106886, 16, 7, 12, 14, 1182, 1182, 11111, 1615416796]
[92106894, 19, 20, 20, 9, 1183, 1183, 11111, 1615416796]
[92106902, 10, 12, 10, 15, 1184, 1184, 11111, 1615416796]
[92106910, 11, 9, 5, 19, 1185, 1185, 11111, 1615416796]
[92106918, 2, 20, 17, 1, 1186, 1186, 11111, 1615416796]
[92106926, 18, 9, 16, 6, 1187, 1187, 11111, 1615416796]
[92106934, 19, 12, 11, 14, 1188, 1188, 11111, 1615416796]
[92106942, 12, 9, 2, 19, 1189, 1189, 11111, 1615416796]
[92106950, 18, 11, 3, 16, 1190, 1190, 11111, 1615416796]
[92106958, 11, 8, 11, 5, 1191, 1191, 11111, 1615416796]
[92106966, 10, 11, 6, 2, 1192, 1192, 11111, 1615416796]
[92106974, 17, 20, 12, 9, 1193, 1193, 11111, 1615416796]
[92106982, 1, 16, 7, 11, 1194, 1194, 11111, 1615416796]
[92106990, 4, 4, 11, 7, 1195, 1195, 11111, 1615416796]
[92106998, 8, 7, 5, 6, 1196, 1196, 11111, 1615416796]
[92107006, 18, 10, 9, 16, 1197, 1197, 11111, 1615416796]
[92107014, 1, 5, 10, 17, 1198, 1198, 11111, 1615416796]
[92107022, 11, 2, 19, 16, 1199, 1199, 11111, 1615416796]
[92107030, 12, 14, 10, 10, 1200, 1200, 11111, 1615416796]
[92107038, 7, 15, 6, 18, 1201, 1201, 11111, 1615416796]
[92107046, 12, 15, 7, 10, 1202, 1202, 11111, 1615416796]
[92107054, 4, 2, 5, 9, 1203, 1203, 11111, 1615416796]
[92107062, 17, 11, 11, 11, 1204, 1204, 11111, 1615416796]
[92107070, 6, 20, 1, 19, 1205, 1205, 11111, 1615416796]
[92107078, 6, 9, 15, 19, 1206, 1206, 11111, 1615416796]
[92107086, 10, 6, 14, 17, 1207, 1207, 11111, 1615416796]
[92107094, 14, 12, 8, 18, 1208, 1208, 11111, 1615416796]
[92107102, 3, 12, 8, 11, 1209, 1209, 11111, 1615416796]
[92107110, 3, 14, 2, 7, 1210, 1210, 11111, 1615416796]
[92107118, 9, 4, 8, 16, 1211, 1211, 11111, 1615416796]
[92107126, 15, 4, 4, 9, 1212, 1212, 11111, 1615416796]
[92107134, 16, 4, 7, 16, 1213, 1213, 11111, 1615416796]
[92107142, 17, 17, 12, 14, 1214, 1214, 11111, 1615416796]
[92107150, 13, 12, 10, 19, 1215, 1215, 11111, 1615416796]
[92107158, 15, 20, 17, 6, 1216, 1216, 11111, 1615416796]
[92107166, 9, 4, 7, 16, 1217, 1217, 11111, 1615416796]
[92107174, 13, 8, 0, 5, 1218, 1218, 11111, 1615416796]
[92107182, 3, 13, 19, 19, 1219, 1219, 11111, 1615416796]
[92107190, 15, 2, 5, 8, 1220, 1220, 11111, 1615416796]
[92107198, 14, 8, 6, 0, 1221, 1221, 11111, 1615416796]
[92107206, 13, 2, 1, 7, 1222, 1222, 11111, 1615416796]
[92107214, 17, 17, 11, 0, 1223, 1223, 11111, 1615416796]
[92107222, 0, 1, 9, 0, 1224, 1224, 11111, 1615416796]
[92107230, 18, 14, 15, 15, 1225, 1225, 11111, 1615416796]
[92107238, 9, 17, 14, 2, 1226, 1226, 11111, 1615416796]
[92107246, 17, 5, 3, 8, 1227, 1227, 11111, 1615416796]
[92107254, 9, 2, 6, 8, 1228, 1228, 11111, 1615416796]
[92107262, 16, 9, 6, 14, 1229, 1229, 11111, 1615416796]
[92107270, 20, 5, 13, 3, 1230, 1230, 11111, 1615416796]
[92107278, 7, 11, 19, 1, 1231, 1231, 11111, 1615416796]
[92107286, 5, 11, 17, 7, 1232, 1232, 11111, 1615416796]
[92107294, 1, 11, 19, 19, 1233, 1233, 11111, 1615416796]
[92107302, 20, 5, 13, 20, 1234, 1234, 11111, 1615416796]
[92107310, 17, 9, 8, 0, 1235, 1235, 11111, 1615416796]
[92107318, 1, 6, 0, 1, 1236, 1236, 11111, 1615416796]
[92107326, 15, 0, 4, 4, 1237, 1237, 11111, 1615416796]
[92107334, 9, 10, 15, 18, 1238, 1238, 11111, 1615416796]
[92107342, 9, 10, 0, 10, 1239, 1239, 11111, 1615416796]
[92107350, 1, 7, 8, 16, 1240, 1240, 11111, 1615416796]
[92107358, 8, 0, 3, 17, 1241, 1241, 11111, 1615416796]
[92107366, 10, 16, 5, 0, 1242, 1242, 11111, 1615416796]
[92107374, 19, 6, 6, 16, 1243, 1243, 11111, 1615416796]
[92107382, 20, 5, 4, 12, 1244, 1244, 11111, 1615416796]
[92107390, 3, 2, 1, 2, 1245, 1245, 11111, 1615416796]
[92107398, 3, 10, 4, 4, 1246, 1246, 11111, 1615416796]
[92107406, 13, 3, 2, 16, 1247, 1247, 11111, 1615416796]
[92107414, 6, 9, 12, 0, 1248, 1248, 11111, 1615416796]
[92107422, 14, 12, 5, 17, 1249, 1249, 11111, 1615416796]
[92106431, 10, 10, 8, 2, 1250, 1250, 11111, 1615416796]
[92106439, 6, 17, 17, 18, 1251, 1251, 11111, 1615416796]
[92106447, 14, 2, 5, 15, 1252, 1252, 11111, 1615416796]
[92106455, 10, 1, 13, 14, 1253, 1253, 11111, 1615416796]
[92106463, 19, 7, 10, 15, 1254, 1254, 11111, 1615416796]
[92106471, 8, 18, 9, 7, 1255, 1255, 11111, 1615416796]
[92106479, 4, 10, 16, 18, 1256, 1256, 11111, 1615416796]
[92106487, 1, 4, 4, 6, 1257, 1257, 11111, 1615416796]
[92106495, 18, 5, 2, 13, 1258, 1258, 11111, 1615416796]
[92106503, 11, 16, 1, 6, 1259, 1259, 11111, 1615416796]
[92106511, 5, 5, 16, 1, 1260, 1260, 11111, 1615416796]
[92106519, 3, 11, 16, 3, 1261, 1261, 11111, 1615416796]
[92106527, 4, 11, 4, 18, 1262, 1262, 11111, 1615416796]
[92106535, 7, 7, 5, 18, 1263, 1263, 11111, 1615416796]
[92106543, 14, 9, 5, 3, 1264, 1264, 11111, 1615416796]
[92106551, 2, 17, 2, 17, 1265, 1265, 11111, 1615416796]
[92106559, 1, 19, 20, 13, 1266, 1266, 11111, 1615416796]
[92106567, 5, 11, 20, 20, 1267, 1267, 11111, 1615416796]
[92106575, 4, 14, 4, 6, 1268, 1268, 11111, 1615416796]
[92106583, 13, 12, 15, 0, 1269, 1269, 11111, 1615416796]
[92106591, 11, 17, 7, 18, 1270, 1270, 11111, 1615416796]
[92106599, 11, 16, 10, 0, 1271, 1271, 11111, 1615416796]
[92106607, 3, 2, 7, 0, 1272, 1272, 11111, 1615416796]
[92106615, 0, 3, 14, 7, 1273, 1273, 11111, 1615416796]
[92106623, 9, 1, 11, 3, 1274, 1274, 11111, 1615416796]
[92106631, 16, 10, 9, 2, 1275, 1275, 11111, 1615416796]
[92106639, 7, 19, 1, 13, 1276, 1276, 11111, 1615416796]
[92106647, 20, 20, 3, 13, 1277, 1277, 11111, 1615416796]
[92106655, 0, 5, 12, 7, 1278, 1278, 11111, 1615416796]
[92106663, 0, 14, 14, 17, 1279, 1279, 11111, 1615416796]
[92106671, 10, 19, 16, 5, 1280, 1280, 11111, 1615416796]
[92106679, 18, 13, 5, 7, 1281, 1281, 11111, 1615416796]
[92106687, 20, 12, 2, 4, 1282, 1282, 11111, 1615416796]
[92106695, 16, 1, 7, 8, 1283, 1283, 11111, 1615416796]
[92106703, 6, 6, 5, 4, 1284, 1284, 11111, 1615416796]
[92106711, 19, 9, 20, 12, 1285, 1285, 11111, 1615416796]
[92106719, 10, 8, 10, 19, 1286, 1286, 11111, 1615416796]
[92106727, 19, 4, 5, 15, 1287, 1287, 11111, 1615416796]
[92106735, 8, 16, 6, 15, 1288, 1288, 11111, 1615416796]
[92106743, 3, 5, 16, 0, 1289, 1289, 11111, 1615416796]
[92106751, 17, 9, 14, 16, 1290, 1290, 11111, 1615416796]
[92106759, 4, 2, 3, 17, 1291, 1291, 11111, 1615416796]
[92106767, 16, 4, 10, 19, 1292, 1292, 11111, 1615416796]
[92106775, 20, 11, 5, 6, 1293, 1293, 11111, 1615416796]
[92106783, 9, 0, 10, 20, 1294, 1294, 11111, 1615416796]
[92106791, 4, 0, 9, 2, 1295, 1295, 11111, 1615416796]
[92106799, 10, 6, 12, 10, 1296, 1296, 11111, 1615416796]
[92106807, 11, 1, 17, 15, 1297, 1297, 11111, 1615416796]
[92106815, 7, 19, 0, 10, 1298, 1298, 11111, 1615416796]
[92106823, 10, 0, 17, 19, 1299, 1299, 11111, 1615416796]
[92106831, 6, 4, 17, 10, 1300, 1300, 11111, 1615416796]
[92106839, 7, 1, 14, 17, 1301, 1301, 11111, 1615416796]
[92106847, 3, 4, 1, 13, 1302, 1302, 11111, 1615416796]
[92106855, 2, 12, 2, 2, 1303, 1303, 11111, 1615416796]
[92106863, 7, 20, 10, 11, 1304, 1304, 11111, 1615416796]
[92106871, 11, 17, 14, 2, 1305, 1305, 11111, 1615416796]
[92106879, 20, 1, 2, 19, 1306, 1306, 11111, 1615416796]
[92106887, 11, 15, 12, 2, 1307, 1307, 11111, 1615416796]
[92106895, 3, 8, 10, 12, 1308, 1308, 11111, 1615416796]
[92106903, 20, 8, 12, 10, 1309, 1309, 11111, 1615416796]
[92106911, 0, 10, 15, 7, 1310, 1310, 11111, 1615416796]
[92106919, 3, 13, 16, 15, 1311, 1311, 11111, 1615416796]
[92106927, 18, 2, 20, 13, 1312, 1312, 11111, 1615416796]
[92106935, 15, 13, 5, 19, 1313, 1313, 11111, 1615416796]
[92106943, 9, 12, 7, 3, 1314, 1314, 11111, 1615416796]
[92106951, 10, 14, 5, 5, 1315, 1315, 11111, 1615416796]
[92106959, 6, 12, 1, 13, 1316, 1316, 11111, 1615416796]
[92106967, 13, 9, 14, 12, 1317, 1317, 11111, 1615416796]
[92106975, 3, 20, 16, 2, 1318, 1318, 11111, 1615416796]
[92106983, 3, 19, 17, 7, 1319, 1319, 11111, 1615416796]
[92106991, 1, 14, 11, 2, 1320, 1320, 11111, 1615416796]
[92106999, 6, 8, 10, 18, 1321, 1321, 11111, 1615416796]
[92107007, 10, 4, 3, 1, 1322, 1322, 11111, 1615416796]
[92107015, 7, 14, 2, 16, 1323, 1323, 11111, 1615416796]
[92107023, 4, 8, 4, 15, 1324, 1324, 11111, 1615416796]
[92107031, 0, 6, 9, 15, 1325, 1325, 11111, 1615416796]
[92107039, 6, 2, 15, 15, 1326, 1326, 11111, 1615416796]
[92107047, 4, 12, 12, 18, 1327, 1327, 11111, 1615416796]
[92107055, 8, 19, 8, 11, 1328, 1328, 11111, 1615416796]
[92107063, 0, 19, 10, 2, 1329, 1329, 11111, 1615416796]
[92107071, 4, 1, 13, 14, 1330, 1330, 11111, 1615416796]
[92107079, 15, 19, 0, 18, 1331, 1331, 11111, 1615416796]
[92107087, 11, 13, 20, 15, 1332, 1332, 11111, 1615416796]
[92107095, 1, 14, 17, 4, 1333, 1333, 11111, 1615416796]
[92107103, 11, 4, 0, 10, 1334, 1334, 11111, 1615416796]
[92107111, 20, 6, 13, 17, 1335, 1335, 11111, 1615416796]
[92107119, 11, 13, 5, 0, 1336, 1336, 11111, 1615416796]
[92107127, 20, 16, 18, 7, 1337, 1337, 11111, 1615416796]
[92107135, 6, 5, 18, 16, 1338, 1338, 11111, 1615416796]
[92107143, 7, 14, 20, 13, 1339, 1339, 11111, 1615416796]
[92107151, 8, 16, 1, 17, 1340, 1340, 11111, 1615416796]
[92107159, 17, 16, 13, 4, 1341, 1341, 11111, 1615416796]
[92107167, 1, 8, 17, 3, 1342, 1342, 11111, 1615416796]
[92107175, 16, 3, 2, 19, 1343, 1343, 11111, 1615416796]
[92107183, 13, 3, 8, 2, 1344, 1344, 11111, 1615416796]
[92107191, 12, 13, 18, 14, 1345, 1345, 11111, 1615416796]
[92107199, 20, 20, 0, 11, 1346, 1346, 11111, 1615416796]
[92107207, 11, 19, 19, 13, 1347, 1347, 11111, 1615416796]
[92107215, 14, 19, 2, 17, 1348, 1348, 11111, 1615416796]
[92107223, 16, 13, 20, 18, 1349, 1349, 11111, 1615416796]
[92107231, 15, 7, 7, 17, 1350, 1350, 11111, 1615416796]
[92107239, 0, 4, 7, 16, 1351, 1351, 11111, 1615416796]
[92107247, 17, 10, 20, 0, 1352, 1352, 11111, 1615416796]
[92107255, 15, 6, 18, 17, 1353, 1353, 11111, 1615416796]
[92107263, 9, 12, 3, 5, 1354, 1354, 11111, 1615416796]
[92107271, 1, 11, 16, 3, 1355, 1355, 11111, 1615416796]
[92107279, 20, 3, 4, 0, 1356, 1356, 11111, 1615416796]
[92107287, 2, 13, 6, 5, 1357, 1357, 11111, 1615416796]
[92107295, 19, 8, 6, 1, 1358, 1358, 11111, 1615416796]
[92107303, 7, 17, 17, 12, 1359, 1359, 11111, 1615416796]
[92107311, 2, 15, 2, 20, 1360, 1360, 11111, 1615416796]
[92107319, 13, 2, 1, 13, 1361, 1361, 11111, 1615416796]
[92107327, 3, 0, 6, 11, 1362, 1362, 11111, 1615416796]
[92107335, 17, 12, 6, 2, 1363, 1363, 11111, 1615416796]
[92107343, 8, 8, 17, 1, 1364, 1364, 11111, 1615416796]
[92107351, 7, 8, 12, 6, 1365, 1365, 11111, 1615416796]
[92107359, 7, 15, 3, 20, 1366, 1366, 11111, 1615416796]
[92107367, 0, 2, 15, 10, 1367, 1367, 11111, 1615416796]
[92107375, 9, 15, 15, 15, 1368, 1368, 11111, 1615416796]
[92107383, 5, 17, 4, 18, 1369, 1369, 11111, 1615416796]
[92107391, 0, 0, 13, 16, 1370, 1370, 11111, 1615416796]
[92107399, 4, 9, 5, 6, 1371, 1371, 11111, 1615416796]
[92107407, 6, 16, 3, 8, 1372, 1372, 11111, 1615416796]
[92107415, 14, 1, 7, 19, 1373, 1373, 11111, 1615416796]
[92107423, 14, 18, 3, 0, 1374, 1374, 11111, 1615416796]
[92106432, 4, 1, 18, 20, 1375, 1375, 11111, 1615416796]
[92106440, 19, 1, 5, 9, 1376, 1376, 11111, 1615416796]
[92106448, 12, 18, 13, 6, 1377, 1377, 11111, 1615416796]
[92106456, 8, 6, 16, 20, 1378, 1378, 11111, 1615416796]
[92106464, 3, 8, 6, 4, 1379, 1379, 11111, 1615416796]
[92106472, 16, 1, 18, 12, 1380, 1380, 11111, 1615416796]
[92106480, 7, 1, 10, 9, 1381, 1381, 11111, 1615416796]
[92106488, 4, 5, 19, 18, 1382, 1382, 11111, 1615416796]
[92106496, 13, 11, 15, 15, 1383, 1383, 11111, 1615416796]
[92106504, 6, 14, 12, 9, 1384, 1384, 11111, 1615416796]
[92106512, 13, 12, 20, 19, 1385, 1385, 11111, 1615416796]
[92106520, 1, 20, 17, 13, 1386, 1386, 11111, 1615416796]
[92106528, 15, 7, 10, 10, 1387, 1387, 11111, 1615416796]
[92106536, 2, 1, 0, 17, 1388, 1388, 11111, 1615416796]
[92106544, 0, 7, 9, 15, 1389, 1389, 11111, 1615416796]
[92106552, 7, 18, 6, 7, 1390, 1390, 11111, 1615416796]
[92106560, 9, 11, 8, 14, 1391, 1391, 11111, 1615416796]
[92106568, 18, 20, 8, 18, 1392, 1392, 11111, 1615416796]
[92106576, 7, 13, 10, 3, 1393, 1393, 11111, 1615416796]
[92106584, 14, 11, 12, 7, 1394, 1394, 11111, 1615416796]
[92106592, 10, 17, 18, 12, 1395, 1395, 11111, 1615416796]
[92106600, 13, 17, 1, 11, 1396, 1396, 11111, 1615416796]
[92106608, 12, 7, 15, 11, 1397, 1397, 11111, 1615416796]
[92106616, 18, 15, 6, 11, 1398, 1398, 11111, 1615416796]
[92106624, 0, 18, 7, 17, 1399, 1399, 11111, 1615416796]
[92106632, 11, 16, 6, 13, 1400, 1400, 11111, 1615416796]
[92106640, 11, 2, 15, 18, 1401, 1401, 11111, 1615416796]
[92106648, 15, 3, 13, 19, 1402, 1402, 11111, 1615416796]
[92106656, 16, 16, 4, 10, 1403, 1403, 11111, 1615416796]
[92106664, 19, 15, 2, 9, 1404, 1404, 11111, 1615416796]
[92106672, 7, 16, 16, 16, 1405, 1405, 11111, 1615416796]
[92106680, 8, 1, 0, 19, 1406, 1406, 11111, 1615416796]
[92106688, 10, 0, 14, 8, 1407, 1407, 11111, 1615416796]
[92106696, 5, 20, 14, 0, 1408, 1408, 11111, 1615416796]
[92106704, 13, 13, 9, 5, 1409, 1409, 11111, 1615416796]
[92106712, 3, 13, 17, 9, 1410, 1410, 11111, 1615416796]
[92106720, 13, 12, 3, 7, 1411, 1411, 11111, 1615416796]
[92106728, 17, 13, 7, 14, 1412, 1412, 11111, 1615416796]
[92106736, 6, 14, 2, 2, 1413, 1413, 11111, 1615416796]
[92106744, 4, 1, 15, 9, 1414, 1414, 11111, 1615416796]
[92106752, 10, 4, 12, 10, 1415, 1415, 11111, 1615416796]
[92106760, 11, 5, 10, 10, 1416, 1416, 11111, 1615416796]
[92106768, 17, 15, 8, 19, 1417, 1417, 11111, 1615416796]
[92106776, 15, 1, 19, 19, 1418, 1418, 11111, 1615416796]
[92106784, 20, 4, 17, 10, 1419, 1419, 11111, 1615416796]
[92106792, 18, 18, 13, 20, 1420, 1420, 11111, 1615416796]
[92106800, 8, 6, 2, 10, 1421, 1421, 11111, 1615416796]
[92106808, 10, 17, 8, 20, 1422, 1422, 11111, 1615416796]
[92106816, 14, 7, 13, 8, 1423, 1423, 11111, 1615416796]
[92106824, 16, 18, 16, 3, 1424, 1424, 11111, 1615416796]
[92106832, 18, 5, 5, 7, 1425, 1425, 11111, 1615416796]
[92106840, 4, 10, 2, 9, 1426, 1426, 11111, 1615416796]
[92106848, 7, 6, 18, 4, 1427, 1427, 11111, 1615416796]
[92106856, 20, 0, 3, 10, 1428, 1428, 11111, 1615416796]
[92106864, 10, 14, 14, 19, 1429, 1429, 11111, 1615416796]
[92106872, 12, 12, 15, 19, 1430, 1430, 11111, 1615416796]
[92106880, 19, 0, 9, 10, 1431, 1431, 11111, 1615416796]
[92106888, 5, 20, 9, 12, 1432, 1432, 11111, 1615416796]
[92106896, 20, 12, 1, 0, 1433, 1433, 11111, 1615416796]
[92106904, 1, 16, 9, 16, 1434, 1434, 11111, 1615416796]
[92106912, 8, 12, 15, 5, 1435, 1435, 11111, 1615416796]
[92106920, 15, 3, 3, 2, 1436, 1436, 11111, 1615416796]
[92106928, 13, 5, 2, 2, 1437, 1437, 11111, 1615416796]
[92106936, 6, 5, 12, 20, 1438, 1438, 11111, 1615416796]
[92106944, 5, 13, 2, 18, 1439, 1439, 11111, 1615416796]
[92106952, 18, 17, 14, 20, 1440, 1440, 11111, 1615416796]
[92106960, 14, 20, 20, 8, 1441, 1441, 11111, 1615416796]
[92106968, 14, 5, 17, 17, 1442, 1442, 11111, 1615416796]
[92106976, 7, 12, 20, 15, 1443, 1443, 11111, 1615416796]
[92106984, 12, 14, 20, 3, 1444, 1444, 11111, 1615416796]
[92106992, 0, 0, 17, 16, 1445, 1445, 11111, 1615416796]
[92107000, 17, 3, 11, 17, 1446, 1446, 11111, 1615416796]
[92107008, 9, 13, 8, 10, 1447, 1447, 11111, 1615416796]
[92107016, 2, 2, 7, 4, 1448, 1448, 11111, 1615416796]
[92107024, 12, 13, 10, 4, 1449, 1449, 11111, 1615416796]
[92107032, 1, 9, 17, 0, 1450, 1450, 11111, 1615416796]
[92107040, 13, 14, 1, 2, 1451, 1451, 11111, 1615416796]
[92107048, 2, 15, 17, 7, 1452, 1452, 11111, 1615416796]
[92107056, 3, 1, 18, 2, 1453, 1453, 11111, 1615416796]
[92107064, 2, 6, 8, 5, 1454, 1454, 11111, 1615416796]
[92107072, 7, 16, 18, 5, 1455, 1455, 11111, 1615416796]
[92107080, 5, 16, 9, 9, 1456, 1456, 11111, 1615416796]
[92107088, 17, 15, 13, 0, 1457, 1457, 11111, 1615416796]
[92107096, 3, 4, 12, 13, 1458, 1458, 11111, 1615416796]
[92107104, 17, 6, 15, 4, 1459, 1459, 11111, 1615416796]
[92107112, 6, 20, 10, 12, 1460, 1460, 11111, 1615416796]
[92107120, 9, 15, 1, 17, 1461, 1461, 11111, 1615416796]
[92107128, 0, 9, 3, 19, 1462, 1462, 11111, 1615416796]
[92107136, 4, 19, 15, 10, 1463, 1463, 11111, 1615416796]
[92107144, 5, 9, 20, 6, 1464, 1464, 11111, 1615416796]
[92107152, 15, 5, 10, 0, 1465, 1465, 11111, 1615416796]
[92107160, 4, 11, 6, 3, 1466, 1466, 11111, 1615416796]
[92107168, 3, 14, 19, 16, 1467, 1467, 11111, 1615416796]
[92107176, 15, 2, 18, 2, 1468, 1468, 11111, 1615416796]
[92107184, 12, 8, 2, 7, 1469, 1469, 11111, 1615416796]
[92107192, 7, 18, 15, 1, 1470, 1470, 11111, 1615416796]
[92107200, 4, 14, 13, 8, 1471, 1471, 11111, 1615416796]
[92107208, 12, 19, 0, 20, 1472, 1472, 11111, 1615416796]
[92107216, 20, 1, 5, 7, 1473, 1473, 11111, 1615416796]
[92107224, 14, 8, 17, 9, 1474, 1474, 11111, 1615416796]
[92107232, 11, 5, 2, 6, 1475, 1475, 11111, 1615416796]
[92107240, 9, 17, 20, 12, 1476, 1476, 11111, 1615416796]
[92107248, 19, 16, 4, 15, 1477, 1477, 11111, 1615416796]
[92107256, 4, 17, 4, 17, 1478, 1478, 11111, 1615416796]
[92107264, 12, 3, 10, 14, 1479, 1479, 11111, 1615416796]
[92107272, 1, 19, 19, 2, 1480, 1480, 11111, 1615416796]
[92107280, 6, 17, 6, 14, 1481, 1481, 11111, 1615416796]
[92107288, 0, 13, 12, 8, 1482, 1482, 11111, 1615416796]
[92107296, 8, 6, 20, 11, 1483, 1483, 11111, 1615416796]
[92107304, 10, 17, 5, 11, 1484, 1484, 11111, 1615416796]
[92107312, 15, 6, 16, 13, 1485, 1485, 11111, 1615416796]
[92107320, 10, 3, 7, 15, 1486, 1486, 11111, 1615416796]
[92107328, 6, 9, 19, 5, 1487, 1487, 11111, 1615416796]
[92107336, 2, 3, 11, 10, 1488, 1488, 11111, 1615416796]
[92107344, 0, 6, 12, 15, 1489, 1489, 11111, 1615416796]
[92107352, 3, 5, 13, 2, 1490, 1490, 11111, 1615416796]
[92107360, 19, 7, 18, 2, 1491, 1491, 11111, 1615416796]
[92107368, 3, 5, 6, 15, 1492, 1492, 11111, 1615416796]
[92107376, 13, 4, 7, 2, 1493, 1493, 11111, 1615416796]
[92107384, 11, 15, 14, 2, 1494, 1494, 11111, 1615416796]
[92107392, 0, 5, 20, 2, 1495, 1495, 11111, 1615416796]
[92107400, 3, 13, 11, 19, 1496, 1496, 11111, 1615416796]
[92107408, 0, 3, 4, 2, 1497, 1497, 11111, 1615416796]
[92107416, 20, 16, 11, 19, 1498, 1498, 11111, 1615416796]
[92107424, 0, 17, 1, 7, 1499, 1499, 11111, 1615416796]
[92106433, 0, 14, 15, 10, 1500, 1500, 11111, 1615416796]
[92106441, 7, 16, 12, 9, 1501, 1501, 11111, 1615416796]
[92106449, 8, 11, 1, 2, 1502, 1502, 11111, 1615416796]
[92106457, 3, 9, 11, 3, 1503, 1503, 11111, 1615416796]
[92106465, 5, 12, 8, 11, 1504, 1504, 11111, 1615416796]
[92106473, 19, 12, 9, 19, 1505, 1505, 11111, 1615416796]
[92106481, 13, 1, 6, 13, 1506, 1506, 11111, 1615416796]
[92106489, 7, 12, 7, 0, 1507, 1507, 11111, 1615416796]
[92106497, 17, 3, 17, 12, 1508, 1508, 11111, 1615416796]
[92106505, 16, 6, 8, 8, 1509, 1509, 11111, 1615416796]
[92106513, 7, 13, 16, 18, 1510, 1510, 11111, 1615416796]
[92106521, 19, 12, 19, 3, 1511, 1511, 11111, 1615416796]
[92106529, 4, 2, 20, 16, 1512, 1512, 11111, 1615416796]
[92106537, 15, 17, 10, 10, 1513, 1513, 11111, 1615416796]
[92106545, 4, 15, 2, 5, 1514, 1514, 11111, 1615416796]
[92106553, 13, 7, 19, 0, 1515, 1515, 11111, 1615416796]
[92106561, 8, 3, 0, 4, 1516, 1516, 11111, 1615416796]
[92106569, 4, 13, 2, 2, 1517, 1517, 11111, 1615416796]
[92106577, 0, 6, 11, 6, 1518, 1518, 11111, 1615416796]
[92106585, 2, 1, 5, 20, 1519, 1519, 11111, 1615416796]
[92106593, 16, 8, 8, 8, 1520, 1520, 11111, 1615416796]
[92106601, 11, 0, 14, 11, 1521, 1521, 11111, 1615416796]
[92106609, 13, 20, 11, 3, 1522, 1522, 11111, 1615416796]
[92106617, 13, 12, 10, 15, 1523, 1523, 11111, 1615416796]
[92106625, 6, 19, 7, 6, 1524, 1524, 11111, 1615416796]
[92106633, 6, 7, 3, 6, 1525, 1525, 11111, 1615416796]
[92106641, 7, 14, 2, 6, 1526, 1526, 11111, 1615416796]
[92106649, 12, 5, 7, 11, 1527, 1527, 11111, 1615416796]
[92106657, 8, 12, 6, 14, 1528, 1528, 11111, 1615416796]
[92106665, 13, 20, 8, 14, 1529, 1529, 11111, 1615416796]
[92106673, 12, 6, 16, 18, 1530, 1530, 11111, 1615416796]
[92106681, 17, 2, 20, 18, 1531, 1531, 11111, 1615416796]
[92106689, 20, 11, 3, 4, 1532, 1532, 11111, 1615416796]
[92106697, 7, 2, 4, 18, 1533, 1533, 11111, 1615416796]
[92106705, 2, 19, 3, 4, 1534, 1534, 11111, 1615416796]
[92106713, 2, 5, 20, 3, 1535, 1535, 11111, 1615416796]
[92106721, 16, 18, 1, 14, 1536, 1536, 11111, 1615416796]
[92106729, 6, 6, 17, 19, 1537, 1537, 11111, 1615416796]
[92106737, 10, 4, 13, 10, 1538, 1538, 11111, 1615416796]
[92106745, 16, 0, 2, 10, 1539, 1539, 11111, 1615416796]
[92106753, 5, 20, 10, 15, 1540, 1540, 11111, 1615416796]
[92106761, 19, 2, 14, 3, 1541, 1541, 11111, 1615416796]
[92106769, 20, 8, 0, 16, 1542, 1542, 11111, 1615416796]
[92106777, 20, 16, 7, 6, 1543, 1543, 11111, 1615416796]
[92106785, 5, 18, 4, 11, 1544, 1544, 11111, 1615416796]
[92106793, 14, 1, 20, 8, 1545, 1545, 11111, 1615416796]
[92106801, 12, 16, 16, 3, 1546, 1546, 11111, 1615416796]
[92106809, 15, 3, 1, 18, 1547, 1547, 11111, 1615416796]
[92106817, 3, 18, 0, 7, 1548, 1548, 11111, 1615416796]
[92106825, 15, 6, 11, 12, 1549, 1549, 11111, 1615416796]
[92106833, 13, 2, 16, 9, 1550, 1550, 11111, 1615416796]
[92106841, 18, 1, 10, 15, 1551, 1551, 11111, 1615416796]
[92106849, 10, 14, 10, 3, 1552, 1552, 11111, 1615416796]
[92106857, 12, 17, 10, 9, 1553, 1553, 11111, 1615416796]
[92106865, 12, 0, 18, 13, 1554, 1554, 11111, 1615416796]
[92106873, 5, 16, 16, 5, 1555, 1555, 11111, 1615416796]
[92106881, 13, 1, 19, 5, 1556, 1556, 11111, 1615416796]
[92106889, 17, 0, 17, 5, 1557, 1557, 11111, 1615416796]
[92106897, 4, 7, 7, 11, 1558, 1558, 11111, 1615416796]
[92106905, 10, 19, 4, 10, 1559, 1559, 11111, 1615416796]
[92106913, 17, 10, 4, 8, 1560, 1560, 11111, 1615416796]
[92106921, 12, 11, 2, 6, 1561, 1561, 11111, 1615416796]
[92106929, 16, 8, 15, 15, 1562, 1562, 11111, 1615416796]
[92106937, 3, 20, 4, 19, 1563, 1563, 11111, 1615416796]
[92106945, 2, 15, 15, 6, 1564, 1564, 11111, 1615416796]
[92106953, 5, 3, 2, 8, 1565, 1565, 11111, 1615416796]
[92106961, 8, 15, 18, 13, 1566, 1566, 11111, 1615416796]
[92106969, 6, 14, 7, 17, 1567, 1567, 11111, 1615416796]
[92106977, 13, 7, 1, 13, 1568, 1568, 11111, 1615416796]
[92106985, 2, 17, 7, 15, 1569, 1569, 11111, 1615416796]
[92106993, 10, 13, 20, 10, 1570, 1570, 11111, 1615416796]
[92107001, 4, 3, 12, 4, 1571, 1571, 11111, 1615416796]
[92107009, 12, 9, 18, 11, 1572, 1572, 11111, 1615416796]
[92107017, 7, 8, 2, 5, 1573, 1573, 11111, 1615416796]
[92107025, 3, 15, 6, 3, 1574, 1574, 11111, 1615416796]
[92107033, 16, 1, 14, 6, 1575, 1575, 11111, 1615416796]
[92107041, 15, 14, 11, 16, 1576, 1576, 11111, 1615416796]
[92107049, 14, 16, 14, 8, 1577, 1577, 11111, 1615416796]
[92107057, 20, 7, 2, 13, 1578, 1578, 11111, 1615416796]
[92107065, 15, 17, 0, 12, 1579, 1579, 11111, 1615416796]
[92107073, 4, 18, 5, 7, 1580, 1580, 11111, 1615416796]
[92107081, 3, 2, 18, 17, 1581, 1581, 11111, 1615416796]
[92107089, 19, 17, 14, 1, 1582, 1582, 11111, 1615416796]
[92107097, 3, 1, 3, 2, 1583, 1583, 11111, 1615416796]
[92107105, 1, 17, 0, 15, 1584, 1584, 11111, 1615416796]
[92107113, 1, 14, 1, 18, 1585, 1585, 11111, 1615416796]
[92107121, 7, 18, 3, 9, 1586, 1586, 11111, 1615416796]
[92107129, 6, 12, 15, 8, 1587, 1587, 11111, 1615416796]
[92107137, 8, 0, 17, 17, 1588, 1588, 11111, 1615416796]
[92107145, 13, 16, 15, 19, 1589, 1589, 11111, 1615416796]
[92107153, 1, 2, 15, 2, 1590, 1590, 11111, 1615416796]
[92107161, 17, 10, 20, 15, 1591, 1591, 11111, 1615416796]
[92107169, 11, 19, 20, 18, 1592, 1592, 11111, 1615416796]
[92107177, 19, 13, 8, 4, 1593, 1593, 11111, 1615416796]
[92107185, 6, 15, 18, 6, 1594, 1594, 11111, 1615416796]
[92107193, 18, 10, 11, 20, 1595, 1595, 11111, 1615416796]
[92107201, 18, 12, 7, 6, 1596, 1596, 11111, 1615416796]
[92107209, 4, 16, 5, 18, 1597, 1597, 11111, 1615416796]
[92107217, 18, 8, 4, 18, 1598, 1598, 11111, 1615416796]
[92107225, 13, 1, 9, 15, 1599, 1599, 11111, 1615416796]
[92107233, 12, 15, 15, 16, 1600, 1600, 11111, 1615416796]
[92107241, 8, 16, 20, 19, 1601, 1601, 11111, 1615416796]
[92107249, 2, 15, 19, 12, 1602, 1602, 11111, 1615416796]
[92107257, 6, 5, 3, 17, 1603, 1603, 11111, 1615416796]
[92107265, 3, 6, 19, 13, 1604, 1604, 11111, 1615416796]
[92107273, 11, 16, 20, 8, 1605, 1605, 11111, 1615416796]
[92107281, 16, 10, 16, 12, 1606, 1606, 11111, 1615416796]
[92107289, 11, 2, 2, 20, 1607, 1607, 11111, 1615416796]
[92107297, 14, 8, 20, 16, 1608, 1608, 11111, 1615416796]
[92107305, 18, 8, 16, 0, 1609, 1609, 11111, 1615416796]
[92107313, 3, 4, 4, 15, 1610, 1610, 11111, 1615416796]
[92107321, 9, 12, 13, 10, 1611, 1611, 11111, 1615416796]
[92107329, 2, 9, 12, 0, 1612, 1612, 11111, 1615416796]
[92107337, 17, 2, 13, 5, 1613, 1613, 11111, 1615416796]
[92107345, 19, 6, 10, 7, 1614, 1614, 11111, 1615416796]
[92107353, 14, 7, 17, 1, 1615, 1615, 11111, 1615416796]
[92107361, 6, 2, 7, 4, 1616, 1616, 11111, 1615416796]
[92107369, 20, 20, 20, 11, 1617, 1617, 11111, 1615416796]
[92107377, 12, 17, 2, 0, 1618, 1618, 11111, 1615416796]
[92107385, 6, 6, 0, 13, 1619, 1619, 11111, 1615416796]
[92107393, 5, 7, 10, 15, 1620, 1620, 11111, 1615416796]
[92107401, 0, 7, 20, 7, 1621, 1621, 11111, 1615416796]
[92107409, 4, 0, 14, 11, 1622, 1622, 11111, 1615416796]
[92107417, 15, 2, 12, 20, 1623, 1623, 11111, 1615416796]
[92107425, 19, 7, 13, 2, 1624, 1624, 11111, 1615416796]
[92106434, 20, 7, 10, 6, 1625, 1625, 11111, 1615416796]
[92106442, 6, 16, 20, 5, 1626, 1626, 11111, 1615416796]
[92106450, 1, 13, 20, 15, 1627, 1627, 11111, 1615416796]
[92106458, 1, 0, 20, 14, 1628, 1628, 11111, 1615416796]
[92106466, 10, 10, 17, 8, 1629, 1629, 11111, 1615416796]
[92106474, 16, 15, 7, 12, 1630, 1630, 11111, 1615416796]
[92106482, 13, 9, 5, 18, 1631, 1631, 11111, 1615416796]
[92106490, 14, 9, 4, 16, 1632, 1632, 11111, 1615416796]
[92106498, 13, 9, 15, 4, 1633, 1633, 11111, 1615416796]
[92106506, 13, 12, 2, 7, 1634, 1634, 11111, 1615416796]
[92106514, 3, 16, 15, 1, 1635, 1635, 11111, 1615416796]
[92106522, 7, 3, 14, 6, 1636, 1636, 11111, 1615416796]
[92106530, 10, 9, 10, 14, 1637, 1637, 11111, 1615416796]
[92106538, 4, 6, 3, 9, 1638, 1638, 11111, 1615416796]
[92106546, 17, 11, 8, 10, 1639, 1639, 11111, 1615416796]
[92106554, 12, 4, 19, 11, 1640, 1640, 11111, 1615416796]
[92106562, 10, 2, 0, 11, 1641, 1641, 11111, 1615416796]
[92106570, 3, 12, 6, 8, 1642, 1642, 11111, 1615416796]
[92106578, 1, 4, 4, 6, 1643, 1643, 11111, 1615416796]
[92106586, 6, 7, 10, 19, 1644, 1644, 11111, 1615416796]
[92106594, 12, 10, 11, 0, 1645, 1645, 11111, 1615416796]
[92106602, 7, 16, 3, 13, 1646, 1646, 11111, 1615416796]
[92106610, 13, 15, 19, 1, 1647, 1647, 11111, 1615416796]
[92106618, 20, 7, 3, 14, 1648, 1648, 11111, 1615416796]
[92106626, 20, 12, 16, 15, 1649, 1649, 11111, 1615416796]
[92106634, 13, 3, 5, 8, 1650, 1650, 11111, 1615416796]
[92106642, 15, 16, 2, 16, 1651, 1651, 11111, 1615416796]
[92106650, 5, 6, 9, 12, 1652, 1652, 11111, 1615416796]
[92106658, 13, 11, 17, 3, 1653, 1653, 11111, 1615416796]
[92106666, 14, 1, 14, 18, 1654, 1654, 11111, 1615416796]
[92106674, 0, 15, 6, 2, 1655, 1655, 11111, 1615416796]
[92106682, 15, 2, 17, 16, 1656, 1656, 11111, 1615416796]
[92106690, 11, 20, 18, 15, 1657, 1657, 11111, 1615416796]
[92106698, 16, 15, 2, 10, 1658, 1658, 11111, 1615416796]
[92106706, 12, 11, 20, 8, 1659, 1659, 11111, 1615416796]
[92106714, 2, 6, 3, 12, 1660, 1660, 11111, 1615416796]
[92106722, 12, 2, 8, 8, 1661, 1661, 11111, 1615416796]
[92106730, 14, 7, 5, 16, 1662, 1662, 11111, 1615416796]
[92106738, 3, 9, 0, 1, 1663, 1663, 11111, 1615416796]
[92106746, 7, 10, 12, 1, 1664, 1664, 11111, 1615416796]
[92106754, 18, 20, 14, 6, 1665, 1665, 11111, 1615416796]
[92106762, 20, 15, 4, 3, 1666, 1666, 11111, 1615416796]
[92106770, 8, 9, 16, 2, 1667, 1667, 11111, 1615416796]
[92106778, 4, 7, 5, 12, 1668, 1668, 11111, 1615416796]
[92106786, 3, 14, 17, 11, 1669, 1669, 11111, 1615416796]
[92106794, 10, 12, 4, 11, 1670, 1670, 11111, 1615416796]
[92106802, 1, 13, 8, 16, 1671, 1671, 11111, 1615416796]
[92106810, 15, 13, 9, 6, 1672, 1672, 11111, 1615416796]
[92106818, 14, 6, 11, 11, 1673, 1673, 11111, 1615416796]
[92106826, 14, 8, 18, 14, 1674, 1674, 11111, 1615416796]
[92106834, 16, 11, 18, 17, 1675, 1675, 11111, 1615416796]
[92106842, 5, 20, 15, 8, 1676, 1676, 11111, 1615416796]
[92106850, 19, 20, 17, 9, 1677, 1677, 11111, 1615416796]
[92106858, 2, 4, 7, 8, 1678, 1678, 11111, 1615416796]
[92106866, 12, 14, 2, 6, 1679, 1679, 11111, 1615416796]
[92106874, 13, 1, 5, 2, 1680, 1680, 11111, 1615416796]
[92106882, 3, 1, 3, 8, 1681, 1681, 11111, 1615416796]
[92106890, 20, 1, 17, 3, 1682, 1682, 11111, 1615416796]
[92106898, 1, 19, 8, 1, 1683, 1683, 11111, 1615416796]
[92106906, 7, 8, 14, 10, 1684, 1684, 11111, 1615416796]
[92106914, 14, 3, 6, 9, 1685, 1685, 11111, 1615416796]
[92106922, 19, 11, 3, 8, 1686, 1686, 11111, 1615416796]
[92106930, 14, 7, 1, 9, 1687, 1687, 11111, 1615416796]
[92106938, 10, 12, 20, 12, 1688, 1688, 11111, 1615416796]
[92106946, 8, 4, 10, 4, 1689, 1689, 11111, 1615416796]
[92106954, 19, 7, 5, 18, 1690, 1690, 11111, 1615416796]
[92106962, 13, 10, 13, 2, 1691, 1691, 11111, 1615416796]
[92106970, 13, 14, 1, 2, 1692, 1692, 11111, 1615416796]
[92106978, 6, 16, 4, 1, 1693, 1693, 11111, 1615416796]
[92106986, 7, 20, 10, 11, 1694, 1694, 11111, 1615416796]
[92106994, 15, 3, 5, 17, 1695, 1695, 11111, 1615416796]
[92107002, 12, 20, 16, 10, 1696, 1696, 11111, 1615416796]
[92107010, 19, 8, 5, 13, 1697, 1697, 11111, 1615416796]
[92107018, 1, 15, 6, 19, 1698, 1698, 11111, 1615416796]
[92107026, 12, 1, 8, 16, 1699, 1699, 11111, 1615416796]
[92107034, 10, 6, 6, 13, 1700, 1700, 11111, 1615416796]
[92107042, 2, 2, 15, 15, 1701, 1701, 11111, 1615416796]
[92107050, 19, 12, 1, 1, 1702, 1702, 11111, 1615416796]
[92107058, 11, 4, 17, 12, 1703, 1703, 11111, 1615416796]
[92107066, 0, 16, 11, 1, 1704, 1704, 11111, 1615416796]
[92107074, 19, 4, 1, 8, 1705, 1705, 11111, 1615416796]
[92107082, 15, 13, 7, 0, 1706, 1706, 11111, 1615416796]
[92107090, 3, 18, 13, 19, 1707, 1707, 11111, 1615416796]
[92107098, 19, 10, 7, 18, 1708, 1708, 11111, 1615416796]
[92107106, 17, 9, 2, 9, 1709, 1709, 11111, 1615416796]
[92107114, 19, 12, 6, 11, 1710, 1710, 11111, 1615416796]
[92107122, 4, 18, 6, 17, 1711, 1711, 11111, 1615416796]
[92107130, 14, 13, 20, 0, 1712, 1712, 11111, 1615416796]
[92107138, 14, 11, 8, 12, 1713, 1713, 11111, 1615416796]
[92107146, 10, 8, 8, 1, 1714, 1714, 11111, 1615416796]
[92107154, 5, 17, 6, 7, 1715, 1715, 11111, 1615416796]
[92107162, 2, 10, 3, 3, 1716, 1716, 11111, 1615416796]
[92107170, 12, 20, 20, 20, 1717, 1717, 11111, 1615416796]
[92107178, 1, 19, 0, 1, 1718, 1718, 11111, 1615416796]
[92107186, 12, 10, 10, 17, 1719, 1719, 11111, 1615416796]
[92107194, 1, 0, 19, 15, 1720, 1720, 11111, 1615416796]
[92107202, 5, 2, 6, 10, 1721, 1721, 11111, 1615416796]
[92107210, 9, 16, 8, 8, 1722, 1722, 11111, 1615416796]
[92107218, 3, 7, 7, 3, 1723, 1723, 11111, 1615416796]
[92107226, 18, 0, 7, 0, 1724, 1724, 11111, 1615416796]
[92107234, 10, 18, 19, 14, 1725, 1725, 11111, 1615416796]
[92107242, 2, 8, 0, 12, 1726, 1726, 11111, 1615416796]
[92107250, 2, 5, 1, 10, 1727, 1727, 11111, 1615416796]
[92107258, 14, 11, 11, 14, 1728, 1728, 11111, 1615416796]
[92107266, 5, 6, 5, 4, 1729, 1729, 11111, 1615416796]
[92107274, 18, 3, 12, 6, 1730, 1730, 11111, 1615416796]
[92107282, 18, 18, 1, 3, 1731, 1731, 11111, 1615416796]
[92107290, 18, 20, 14, 2, 1732, 1732, 11111, 1615416796]
[92107298, 18, 7, 1, 18, 1733, 1733, 11111, 1615416796]
[92107306, 7, 16, 19, 11, 1734, 1734, 11111, 1615416796]
[92107314, 4, 0, 15, 15, 1735, 1735, 11111, 1615416796]
[92107322, 15, 16, 12, 8, 1736, 1736, 11111, 1615416796]
[92107330, 8, 7, 6, 8, 1737, 1737, 11111, 1615416796]
[92107338, 4, 3, 19, 3, 1738, 1738, 11111, 1615416796]
[92107346, 19, 20, 7, 2, 1739, 1739, 11111, 1615416796]
[92107354, 16, 7, 7, 9, 1740, 1740, 11111, 1615416796]
[92107362, 12, 13, 15, 4, 1741, 1741, 11111, 1615416796]
[92107370, 1, 19, 15, 7, 1742, 1742, 11111, 1615416796]
[92107378, 10, 5, 17, 10, 1743, 1743, 11111, 1615416796]
[92107386, 3, 7, 4, 19, 1744, 1744, 11111, 1615416796]
[92107394, 20, 11, 6, 13, 1745, 1745, 11111, 1615416796]
[92107402, 1, 14, 12, 0, 1746, 1746, 11111, 1615416796]
[92107410, 7, 0, 1, 2, 1747, 1747, 11111, 1615416796]
[92107418, 6, 2, 18, 18, 1748, 1748, 11111, 1615416796]
[92107426, 19, 11, 10, 17, 1749, 1749, 11111, 1615416796]
[92106435, 10, 19, 7, 15, 1750, 1750, 11111, 1615416796]
[92106443, 15, 13, 10, 1, 1751, 1751, 11111, 1615416796]
[92106451, 13, 20, 20, 9, 1752, 1752, 11111, 1615416796]
[92106459, 11, 9, 19, 19, 1753, 1753, 11111, 1615416796]
[92106467, 5, 16, 17, 12, 1754, 1754, 11111, 1615416796]
[92106475, 19, 1, 15, 15, 1755, 1755, 11111, 1615416796]
[92106483, 0, 8, 13, 9, 1756, 1756, 11111, 1615416796]
[92106491, 10, 4, 7, 15, 1757, 1757, 11111, 1615416796]
[92106499, 10, 19, 2, 6, 1758, 1758, 11111, 1615416796]
[92106507, 3, 17, 0, 8, 1759, 1759, 11111, 1615416796]
[92106515, 16, 14, 13, 0, 1760, 1760, 11111, 1615416796]
[92106523, 1, 0, 10, 18, 1761, 1761, 11111, 1615416796]
[92106531, 13, 20, 15, 18, 1762, 1762, 11111, 1615416796]
[92106539, 20, 6, 6, 0, 1763, 1763, 11111, 1615416796]
[92106547, 13, 1, 17, 17, 1764, 1764, 11111, 1615416796]
[92106555, 1, 4, 4, 10, 1765, 1765, 11111, 1615416796]
[92106563, 4, 5, 16, 11, 1766, 1766, 11111, 1615416796]
[92106571, 0, 5, 6, 20, 1767, 1767, 11111, 1615416796]
[92106579, 11, 2, 15, 16, 1768, 1768, 11111, 1615416796]
[92106587, 18, 4, 20, 1, 1769, 1769, 11111, 1615416796]
[92106595, 17, 15, 18, 5, 1770, 1770, 11111, 1615416796]
[92106603, 8, 13, 10, 11, 1771, 1771, 11111, 1615416796]
[92106611, 19, 7, 20, 4, 1772, 1772, 11111, 1615416796]
[92106619, 12, 4, 20, 9, 1773, 1773, 11111, 1615416796]
[92106627, 11, 4, 15, 13, 1774, 1774, 11111, 1615416796]
[92106635, 13, 2, 5, 15, 1775, 1775, 11111, 1615416796]
[92106643, 10, 17, 16, 4, 1776, 1776, 11111, 1615416796]
[92106651, 17, 4, 18, 2, 1777, 1777, 11111, 1615416796]
[92106659, 8, 2, 6, 9, 1778, 1778, 11111, 1615416796]
[92106667, 8, 17, 1, 0, 1779, 1779, 11111, 1615416796]
[92106675, 10, 15, 13, 7, 1780, 1780, 11111, 1615416796]
[92106683, 20, 18, 15, 0, 1781, 1781, 11111, 1615416796]
[92106691, 17, 15, 20, 18, 1782, 1782, 11111, 1615416796]
[92106699, 20, 8, 5, 5, 1783, 1783, 11111, 1615416796]
[92106707, 3, 3, 16, 4, 1784, 1784, 11111, 1615416796]
[92106715, 18, 11, 17, 17, 1785, 1785, 11111, 1615416796]
[92106723, 7, 13, 9, 10, 1786, 1786, 11111, 1615416796]
[92106731, 4, 9, 20, 16, 1787, 1787, 11111, 1615416796]
[92106739, 10, 15, 5, 2, 1788, 1788, 11111, 1615416796]
[92106747, 12, 1, 19, 2, 1789, 1789, 11111, 1615416796]
[92106755, 14, 8, 10, 13, 1790, 1790, 11111, 1615416796]
[92106763, 7, 8, 13, 11, 1791, 1791, 11111, 1615416796]
[92106771, 19, 3, 12, 8, 1792, 1792, 11111, 1615416796]
[92106779, 11, 20, 7, 8, 1793, 1793, 11111, 1615416796]
[92106787, 14, 15, 15, 14, 1794, 1794, 11111, 1615416796]
[92106795, 5, 18, 20, 9, 1795, 1795, 11111, 1615416796]
[92106803, 20, 12, 5, 12, 1796, 1796, 11111, 1615416796]
[92106811, 17, 15, 14, 12, 1797, 1797, 11111, 1615416796]
[92106819, 9, 1, 12, 0, 1798, 1798, 11111, 1615416796]
[92106827, 9, 20, 5, 0, 1799, 1799, 11111, 1615416796]
[92106835, 19, 0, 6, 6, 1800, 1800, 11111, 1615416796]
[92106843, 17, 6, 16, 6, 1801, 1801, 11111, 1615416796]
[92106851, 3, 6, 6, 1, 1802, 1802, 11111, 1615416796]
[92106859, 3, 6, 16, 4, 1803, 1803, 11111, 1615416796]
[92106867, 19, 1, 13, 18, 1804, 1804, 11111, 1615416796]
[92106875, 4, 8, 17, 9, 1805, 1805, 11111, 1615416796]
[92106883, 8, 20, 6, 13, 1806, 1806, 11111, 1615416796]
[92106891, 1, 2, 9, 16, 1807, 1807, 11111, 1615416796]
[92106899, 15, 9, 3, 18, 1808, 1808, 11111, 1615416796]
[92106907, 7, 6, 5, 19, 1809, 1809, 11111, 1615416796]
[92106915, 20, 3, 17, 9, 1810, 1810, 11111, 1615416796]
[92106923, 6, 5, 4, 1, 1811, 1811, 11111, 1615416796]
[92106931, 13, 14, 5, 7, 1812, 1812, 11111, 1615416796]
[92106939, 8, 16, 2, 8, 1813, 1813, 11111, 1615416796]
[92106947, 8, 5, 7, 12, 1814, 1814, 11111, 1615416796]
[92106955, 16, 19, 10, 14, 1815, 1815, 11111, 1615416796]
[92106963, 17, 7, 20, 10, 1816, 1816, 11111, 1615416796]
[92106971, 6, 14, 20, 16, 1817, 1817, 11111, 1615416796]
[92106979, 19, 9, 10, 4, 1818, 1818, 11111, 1615416796]
[92106987, 15, 20, 6, 18, 1819, 1819, 11111, 1615416796]
[92106995, 6, 1, 5, 7, 1820, 1820, 11111, 1615416796]
[92107003, 9, 7, 18, 9, 1821, 1821, 11111, 1615416796]
[92107011, 9, 20, 1, 5, 1822, 1822, 11111, 1615416796]
[92107019, 7, 9, 1, 12, 1823, 1823, 11111, 1615416796]
[92107027, 14, 9, 18, 10, 1824, 1824, 11111, 1615416796]
[92107035, 18, 8, 14, 9, 1825, 1825, 11111, 1615416796]
[92107043, 1, 12, 4, 14, 1826, 1826, 11111, 1615416796]
[92107051, 11, 9, 5, 17, 1827, 1827, 11111, 1615416796]
[92107059, 20, 11, 15, 18, 1828, 1828, 11111, 1615416796]
[92107067, 3, 20, 16, 1, 1829, 1829, 11111, 1615416796]
[92107075, 5, 4, 20, 9, 1830, 1830, 11111, 1615416796]
[92107083, 19, 10, 20, 7, 1831, 1831, 11111, 1615416796]
[92107091, 3, 9, 12, 18, 1832, 1832, 11111, 1615416796]
[92107099, 16, 9, 13, 8, 1833, 1833, 11111, 1615416796]
[92107107, 1, 13, 4, 14, 1834, 1834, 11111, 1615416796]
[92107115, 6, 6, 18, 14, 1835, 1835, 11111, 1615416796]
[92107123, 9, 7, 6, 14, 1836, 1836, 11111, 1615416796]
[92107131, 6, 3, 4, 3, 1837, 1837, 11111, 1615416796]
[92107139, 0, 12, 19, 11, 1838, 1838, 11111, 1615416796]
[92107147, 9, 20, 3, 0, 1839, 1839, 11111, 1615416796]
[92107155, 18, 14, 14, 18, 1840, 1840, 11111, 1615416796]
[92107163, 6, 14, 18, 13, 1841, 1841, 11111, 1615416796]
[92107171, 15, 18, 19, 16, 1842, 1842, 11111, 1615416796]
[92107179, 3, 9, 7, 3, 1843, 1843, 11111, 1615416796]
[92107187, 4, 5, 11, 16, 1844, 1844, 11111, 1615416796]
[92107195, 9, 15, 18, 18, 1845, 1845, 11111, 1615416796]
[92107203, 6, 6, 12, 3, 1846, 1846, 11111, 1615416796]
[92107211, 14, 2, 1, 17, 1847, 1847, 11111, 1615416796]
[92107219, 0, 6, 16, 9, 1848, 1848, 11111, 1615416796]
[92107227, 16, 7, 16, 10, 1849, 1849, 11111, 1615416796]
[92107235, 20, 14, 10, 18, 1850, 1850, 11111, 1615416796]
[92107243, 11, 4, 14, 3, 1851, 1851, 11111, 1615416796]
[92107251, 10, 5, 19, 13, 1852, 1852, 11111, 1615416796]
[92107259, 14, 0, 13, 4, 1853, 1853, 11111, 1615416796]
[92107267, 5, 15, 2, 18, 1854, 1854, 11111, 1615416796]
[92107275, 16, 18, 0, 0, 1855, 1855, 11111, 1615416796]
[92107283, 18, 9, 0, 17, 1856, 1856, 11111, 1615416796]
[92107291, 16, 11, 14, 0, 1857, 1857, 11111, 1615416796]
[92107299, 3, 5, 19, 17, 1858, 1858, 11111, 1615416796]
[92107307, 0, 19, 18, 9, 1859, 1859, 11111, 1615416796]
[92107315, 1, 1, 6, 19, 1860, 1860, 11111, 1615416796]
[92107323, 1, 20, 18, 19, 1861, 1861, 11111, 1615416796]
[92107331, 12, 11, 12, 7, 1862, 1862, 11111, 1615416796]
[92107339, 18, 2, 0, 1, 1863, 1863, 11111, 1615416796]
[92107347, 16, 13, 20, 2, 1864, 1864, 11111, 1615416796]
[92107355, 10, 7, 7, 20, 1865, 1865, 11111, 1615416796]
[92107363, 0, 17, 9, 5, 1866, 1866, 11111, 1615416796]
[92107371, 16, 11, 4, 4, 1867, 1867, 11111, 1615416796]
[92107379, 14, 7, 3, 6, 1868, 1868, 11111, 1615416796]
[92107387, 3, 10, 3, 14, 1869, 1869, 11111, 1615416796]
[92107395, 18, 12, 6, 6, 1870, 1870, 11111, 1615416796]
[92107403, 17, 9, 15, 16, 1871, 1871, 11111, 1615416796]
[92107411, 17, 19, 8, 0, 1872, 1872, 11111, 1615416796]
[92107419, 1, 0, 5, 8, 1873, 1873, 11111, 1615416796]
[92107427, 16, 7, 15, 2, 1874, 1874, 11111, 1615416796]
[92106436, 4, 5, 5, 3, 1875, 1875, 11111, 1615416796]
[92106444, 19, 15, 10, 2, 1876, 1876, 11111, 1615416796]
[92106452, 1, 16, 3, 4, 1877, 1877, 11111, 1615416796]
[92106460, 14, 8, 18, 4, 1878, 1878, 11111, 1615416796]
[92106468, 0, 11, 8, 2, 1879, 1879, 11111, 1615416796]
[92106476, 20, 0, 17, 3, 1880, 1880, 11111, 1615416796]
[92106484, 16, 19, 7, 14, 1881, 1881, 11111, 1615416796]
[92106492, 5, 19, 14, 5, 1882, 1882, 11111, 1615416796]
[92106500, 16, 8, 1, 20, 1883, 1883, 11111, 1615416796]
[92106508, 11, 16, 10, 18, 1884, 1884, 11111, 1615416796]
[92106516, 18, 3, 14, 5, 1885, 1885, 11111, 1615416796]
[92106524, 16, 13, 2, 6, 1886, 1886, 11111, 1615416796]
[92106532, 1, 0, 19, 1, 1887, 1887, 11111, 1615416796]
[92106540, 7, 11, 16, 20, 1888, 1888, 11111, 1615416796]
[92106548, 18, 7, 19, 13, 1889, 1889, 11111, 1615416796]
[92106556, 15, 0, 7, 5, 1890, 1890, 11111, 1615416796]
[92106564, 9, 18, 2, 0, 1891, 1891, 11111, 1615416796]
[92106572, 18, 5, 20, 15, 1892, 1892, 11111, 1615416796]
[92106580, 4, 10, 5, 10, 1893, 1893, 11111, 1615416796]
[92106588, 6, 11, 5, 5, 1894, 1894, 11111, 1615416796]
[92106596, 1, 6, 13, 9, 1895, 1895, 11111, 1615416796]
[92106604, 16, 20, 17, 14, 1896, 1896, 11111, 1615416796]
[92106612, 14, 4, 20, 12, 1897, 1897, 11111, 1615416796]
[92106620, 18, 4, 10, 10, 1898, 1898, 11111, 1615416796]
[92106628, 5, 2, 5, 8, 1899, 1899, 11111, 1615416796]
[92106636, 6, 18, 17, 1, 1900, 1900, 11111, 1615416796]
[92106644, 13, 14, 7, 7, 1901, 1901, 11111, 1615416796]
[92106652, 14, 13, 18, 20, 1902, 1902, 11111, 1615416796]
[92106660, 10, 5, 3, 4, 1903, 1903, 11111, 1615416796]
[92106668, 9, 18, 0, 0, 1904, 1904, 11111, 1615416796]
[92106676, 5, 3, 11, 16, 1905, 1905, 11111, 1615416796]
[92106684, 12, 16, 14, 6, 1906, 1906, 11111, 1615416796]
[92106692, 14, 4, 2, 17, 1907, 1907, 11111, 1615416796]
[92106700, 12, 1, 11, 15, 1908, 1908, 11111, 1615416796]
[92106708, 6, 14, 10, 2, 1909, 1909, 11111, 1615416796]
[92106716, 2, 9, 14, 13, 1910, 1910, 11111, 1615416796]
[92106724, 0, 19, 10, 19, 1911, 1911, 11111, 1615416796]
[92106732, 18, 14, 12, 8, 1912, 1912, 11111, 1615416796]
[92106740, 7, 18, 18, 9, 1913, 1913, 11111, 1615416796]
[92106748, 20, 15, 12, 19, 1914, 1914, 11111, 1615416796]
[92106756, 2, 17, 13, 18, 1915, 1915, 11111, 1615416796]
[92106764, 3, 0, 10, 17, 1916, 1916, 11111, 1615416796]
[92106772, 4, 2, 8, 12, 1917, 1917, 11111, 1615416796]
[92106780, 17, 14, 14, 9, 1918, 1918, 11111, 1615416796]
[92106788, 14, 20, 6, 20, 1919, 1919, 11111, 1615416796]
[92106796, 16, 17, 9, 3, 1920, 1920, 11111, 1615416796]
[92106804, 2, 13, 19, 18, 1921, 1921, 11111, 1615416796]
[92106812, 19, 20, 17, 13, 1922, 1922, 11111, 1615416796]
[92106820, 8, 3, 20, 6, 1923, 1923, 11111, 1615416796]
[92106828, 9, 17, 13, 5, 1924, 1924, 11111, 1615416796]
[92106836, 5, 19, 10, 18, 1925, 1925, 11111, 1615416796]
[92106844, 12, 10, 9, 2, 1926, 1926, 11111, 1615416796]
[92106852, 1, 10, 17, 10, 1927, 1927, 11111, 1615416796]
[92106860, 0, 12, 16, 0, 1928, 1928, 11111, 1615416796]
[92106868, 9, 9, 18, 12, 1929, 1929, 11111, 1615416796]
[92106876, 9, 16, 12, 6, 1930, 1930, 11111, 1615416796]
[92106884, 8, 8, 8, 19, 1931, 1931, 11111, 1615416796]
[92106892, 17, 0, 10, 15, 1932, 1932, 11111, 1615416796]
[92106900, 17, 6, 18, 17, 1933, 1933, 11111, 1615416796]
[92106908, 11, 10, 1, 6, 1934, 1934, 11111, 1615416796]
[92106916, 2, 4, 16, 0, 1935, 1935, 11111, 1615416796]
[92106924, 10, 6, 19, 18, 1936, 1936, 11111, 1615416796]
[92106932, 9, 18, 20, 10, 1937, 1937, 11111, 1615416796]
[92106940, 0, 4, 7, 19, 1938, 1938, 11111, 1615416796]
[92106948, 18, 4, 18, 19, 1939, 1939, 11111, 1615416796]
[92106956, 15, 9, 16, 10, 1940, 1940, 11111, 1615416796]
[92106964, 7, 12, 15, 13, 1941, 1941, 11111, 1615416796]
[92106972, 18, 10, 4, 14, 1942, 1942, 11111, 1615416796]
[92106980, 6, 6, 16, 16, 1943, 1943, 11111, 1615416796]
[92106988, 7, 4, 3, 9, 1944, 1944, 11111, 1615416796]
[92106996, 5, 19, 20, 1, 1945, 1945, 11111, 1615416796]
[92107004, 16, 8, 17, 0, 1946, 1946, 11111, 1615416796]
[92107012, 6, 13, 13, 4, 1947, 1947, 11111, 1615416796]
[92107020, 8, 13, 18, 19, 1948, 1948, 11111, 1615416796]
[92107028, 18, 8, 0, 1, 1949, 1949, 11111, 1615416796]
[92107036, 2, 5, 1, 15, 1950, 1950, 11111, 1615416796]
[92107044, 11, 15, 0, 18, 1951, 1951, 11111, 1615416796]
[92107052, 7, 20, 15, 1, 1952, 1952, 11111, 1615416796]
[92107060, 12, 18, 20, 5, 1953, 1953, 11111, 1615416796]
[92107068, 6, 9, 8, 2, 1954, 1954, 11111, 1615416796]
[92107076, 11, 15, 8, 5, 1955, 1955, 11111, 1615416796]
[92107084, 4, 3, 7, 5, 1956, 1956, 11111, 1615416796]
[92107092, 1, 13, 10, 11, 1957, 1957, 11111, 1615416796]
[92107100, 4, 15, 9, 4, 1958, 1958, 11111, 1615416796]
[92107108, 18, 1, 0, 16, 1959, 1959, 11111, 1615416796]
[92107116, 19, 6, 10, 12, 1960, 1960, 11111, 1615416796]
[92107124, 19, 10, 4, 19, 1961, 1961, 11111, 1615416796]
[92107132, 2, 5, 12, 18, 1962, 1962, 11111, 1615416796]
[92107140, 18, 17, 5, 20, 1963, 1963, 11111, 1615416796]
[92107148, 17, 8, 20, 5, 1964, 1964, 11111, 1615416796]
[92107156, 20, 3, 6, 11, 1965, 1965, 11111, 1615416796]
[92107164, 17, 12, 20, 12, 1966, 1966, 11111, 1615416796]
[92107172, 6, 11, 16, 1, 1967, 1967, 11111, 1615416796]
[92107180, 16, 11, 11, 6, 1968, 1968, 11111, 1615416796]
[92107188, 18, 15, 20, 5, 1969, 1969, 11111, 1615416796]
[92107196, 6, 2, 1, 13, 1970, 1970, 11111, 1615416796]
[92107204, 11, 10, 16, 0, 1971, 1971, 11111, 1615416796]
[92107212, 5, 5, 0, 1, 1972, 1972, 11111, 1615416796]
[92107220, 8, 12, 1, 3, 1973, 1973, 11111, 1615416796]
[92107228, 6, 18, 9, 11, 1974, 1974, 11111, 1615416796]
[92107236, 4, 20, 20, 2, 1975, 1975, 11111, 1615416796]
[92107244, 17, 10, 2, 1, 1976, 1976, 11111, 1615416796]
[92107252, 14, 4, 15, 17, 1977, 1977, 11111, 1615416796]
[92107260, 8, 15, 1, 1, 1978, 1978, 11111, 1615416796]
[92107268, 10, 12, 6, 11, 1979, 1979, 11111, 1615416796]
[92107276, 13, 5, 16, 14, 1980, 1980, 11111, 1615416796]
[92107284, 20, 3, 19, 12, 1981, 1981, 11111, 1615416796]
[92107292, 13, 10, 13, 10, 1982, 1982, 11111, 1615416796]
[92107300, 13, 20, 4, 20, 1983, 1983, 11111, 1615416796]
[92107308, 15, 14, 18, 19, 1984, 1984, 11111, 1615416796]
[92107316, 6, 14, 11, 15, 1985, 1985, 11111, 1615416796]
[92107324, 5, 5, 2, 9, 1986, 1986, 11111, 1615416796]
[92107332, 15, 17, 20, 8, 1987, 1987, 11111, 1615416796]
[92107340, 11, 6, 7, 12, 1988, 1988, 11111, 1615416796]
[92107348, 1, 11, 4, 0, 1989, 1989, 11111, 1615416796]
[92107356, 3, 14, 11, 20, 1990, 1990, 11111, 1615416796]
[92107364, 15, 7, 1, 1, 1991, 1991, 11111, 1615416796]
[92107372, 3, 14, 7, 19, 1992, 1992, 11111, 1615416796]
[92107380, 0, 15, 20, 12, 1993, 1993, 11111, 1615416796]
[92107388, 13, 11, 6, 18, 1994, 1994, 11111, 1615416796]
[92107396, 16, 9, 9, 9, 1995, 1995, 11111, 1615416796]
[92107404, 15, 17, 7, 2, 1996, 1996, 11111, 1615416796]
[92107412, 11, 19, 12, 0, 1997, 1997, 11111, 1615416796]
[92107420, 4, 1, 1, 16, 1998, 1998, 11111, 1615416796]
[92107428, 15, 19, 14, 4, 1999, 1999, 11111, 1615416796]
